11.025 791.7625
10.925 856.6
10.7125 882.9375
10.6 918.9
10.7625 839.4125
10.9375 842.35
10.9125 847.975
10.9375 836.6
10.7625 889.175
10.8 913.6875
10.7875 892.6
10.7625 888.6625
10.7625 914.2875
11.1375 886.975
10.825 869.2
10.5 938.75
10.575 912.95
10.75 898.325
10.675 894.375
10.675 894.5625
10.625 915.15
10.7375 876.0875
10.75 879.8875
10.1625 862.375
10.25 936.725
10.575 865.7625
10.7125 878.275
10.6 892.8
10.3875 851.7625
10.0875 938.15
10.625 871.4
10.75 892.1625
10.325 870.8
10.5125 910.5125
10.4625 857.5875
10.6625 869.7375
10.175 902.025
10.5125 897.6875
10.275 886.4
10.2375 866.125
10.4875 846.675
10.15 841
10.25 853.85
10.1 844.475
10.2625 832.4875
10.2125 855.6
10.2625 819.575
10.3625 884.375
9.925 865.6625
9.725 886.7875
10.125 864.1
10.0375 902.9875
10.125 871.4625
10.325 841.725
10.2125 893.4625
10.35 856.2375
10.375 923.6
10.0125 876.6375
10.4625 890.6125
10.05 909.8375
10.2875 880.8
10.375 853.975
10.1875 843.2
10.2875 825.725
10.2 840.9375
10.0125 874.7625
10.1875 863
10.3625 835
10.2125 842.775
9.9875 828.1875
9.875 842.1
10.2 840.2625
9.825 866.125
10.0875 800.6125
9.6375 856.4375
9.6 819.6125
9.9875 791.2625
9.875 818.175
9.875 806.45
9.875 767.95
9.55 764.5625
9.9875 799.2125
9.475 787.4
9.7875 769.7625
9.55 766.375
9.55 757.7375
9.7 748.275
9.3625 754.575
9.6125 790.2875
9.4875 740.975
9.4375 768.175
9.475 776.0875
9.7625 739.2125
9.6625 777.95
9.575 760.8875
9.5625 786.5125
9.675 794.85
9.5375 793.9375
9.725 773.1875
9.4 806.9125
9.625 788.4
9.375 778.6625
9.875 797.375
9.5875 775.5
9.7375 792.8375
9.4375 782.6375
9.4 776.525
9.4875 806.3
9.425 785.325
10.0625 791.6625
9.4375 772.0375
9 786.05
9.55 745.275
9.8875 780.8875
9.25 767.4875
9.525 769.15
9.5125 787.275
9.2375 780.5625
9.5375 744.775
9.775 756.975
9.2875 787.65
9.45 770.4625
9.5 757.5125
9.575 764.2625
9.4125 749.675
9.3375 724.05
9.15 783.075
9.2625 748.3375
9.225 753.0375
9.15 778.8625
9.25 757.025
9.7375 717.175
9.2625 745.0875
9.1875 746.8625
9 756.9625
9.025 772.15
9.6625 743.7375
9.4125 760.0875
9.0875 789.45
9.325 769.05
9.125 799.35
9.475 776.25
9.2875 761.4375
9.2375 766.225
9.2 758.2875
9.2625 751.75
9.2125 744.65
9.4625 769.7125
8.9875 760.2375
9.0625 746.525
9.2375 753.175
