8.2375 1241.025
8.725 1300.4125
8.275 1187.6
7.9625 1115.625
7.8 1035.9625
7.475 971.025
7.5625 865.3625
7.7 862.075
7.65 884.65
7.875 880.425
7.75 943.1375
7.7875 909.725
7.675 920.6875
7.6375 820.225
7.75 813.1875
7.5375 798.9625
7.55 807.975
7.725 854.3625
7.7375 818.1625
7.8125 813.125
7.825 818.375
7.5375 53687858.4875
7.7875 815.225
7.75 846.55
7.875 798.975
7.65 53687900.25
7.5625 820.2
7.65 822.2625
7.5375 793.7625
7.5375 812.5375
7.85 846.6875
7.65 836.7125
7.675 832.9625
7.725 822.2625
7.7375 814.05
7.825 826.625
7.925 827.5
7.5875 830.775
7.6 827.325
7.7125 797.775
8.025 778.0375
8.2 783.7125
7.8375 816.1875
7.7125 831.275
7.675 793.1125
7.7 841.275
7.7375 803.3875
7.975 53687913.1875
7.9 809.125
7.7375 839.5125
7.9375 781.325
7.7375 843.0875
7.875 781.275
7.95 828.075
8 844.2875
8.1875 776.2625
7.9125 814.4375
8.075 801.175
8.1375 826.025
7.8 811.2625
8.0375 812.8
7.8125 814.15
7.9625 785.7375
8.075 822
7.825 796.8375
8.1125 794.55
7.75 788.7125
8.1 777.675
7.875 823.8625
8.125 783.85
7.85 829.8625
7.75 792.975
7.9625 772.725
7.9125 780.5375
7.8125 815.475
7.7875 826.575
7.775 792.375
8.0125 797.2
8.25 818.3375
7.925 778.95
7.9625 796.25
7.925 813.225
8.05 786.9125
7.825 799.35
7.7375 792.525
7.7875 810
7.8 798.225
7.8375 805.825
7.8375 814.5625
7.8375 818.375
7.8625 777.475
8.125 790.0375
7.6125 801.0125
7.75 788.9625
7.9375 792.5
7.7625 816.1125
8.125 823.425
8.025 794.1
8.075 818.4125
7.9375 840.4875
7.9375 800.75
7.875 806.925
7.85 786.65
7.9375 771.7
8 761.575
7.8875 801.1625
7.9625 819.05
7.7 789.8625
8.0875 801.6625
7.875 832.9375
7.95 767.4875
8 789.75
7.925 780.2125
8.025 767.375
8.1875 807.5
8.0125 773.15
7.7375 804.75
7.825 829.3625
7.8375 814.6625
8.1 829.3
7.8875 783.375
8 805.8125
7.725 805.775
7.5 806.7875
7.6875 804.1
7.5625 799.4
7.65 781.3625
7.675 816.25
7.675 797.2875
7.925 774.45
7.8625 800.9
7.9125 784.575
8.0625 809.325
7.7625 804.35
7.7875 800.45
7.9625 795.75
7.975 780.2625
7.8875 806.6875
7.9 794.2875
7.9125 779.2125
7.7875 771.6125
7.7875 798.0375
7.8375 808.2625
7.875 778.0625
7.675 820.3375
7.825 792.1
7.7125 797.2375
7.5875 789.8125
7.8 778.9625
7.725 821.4125
7.625 784.2375
